(kicad_pcb (version 20171130) (host pcbnew "(5.1.9)-1")

  (general
    (thickness 1.6)
    (drawings 37)
    (tracks 260)
    (zones 0)
    (modules 25)
    (nets 33)
  )

  (page A4)
  (layers
    (0 F.Cu signal)
    (31 B.Cu signal)
    (32 B.Adhes user)
    (33 F.Adhes user)
    (34 B.Paste user)
    (35 F.Paste user)
    (36 B.SilkS user)
    (37 F.SilkS user)
    (38 B.Mask user)
    (39 F.Mask user)
    (40 Dwgs.User user)
    (41 Cmts.User user)
    (42 Eco1.User user)
    (43 Eco2.User user)
    (44 Edge.Cuts user)
    (45 Margin user)
    (46 B.CrtYd user)
    (47 F.CrtYd user)
    (48 B.Fab user)
    (49 F.Fab user)
  )

  (setup
    (last_trace_width 0.25)
    (trace_clearance 0.2)
    (zone_clearance 0.508)
    (zone_45_only no)
    (trace_min 0.2)
    (via_size 0.8)
    (via_drill 0.4)
    (via_min_size 0.4)
    (via_min_drill 0.3)
    (uvia_size 0.3)
    (uvia_drill 0.1)
    (uvias_allowed no)
    (uvia_min_size 0.2)
    (uvia_min_drill 0.1)
    (edge_width 0.05)
    (segment_width 0.2)
    (pcb_text_width 0.3)
    (pcb_text_size 1.5 1.5)
    (mod_edge_width 0.12)
    (mod_text_size 1 1)
    (mod_text_width 0.15)
    (pad_size 2 2)
    (pad_drill 1)
    (pad_to_mask_clearance 0.05)
    (aux_axis_origin 0 0)
    (visible_elements 7FFFFFFF)
    (pcbplotparams
      (layerselection 0x010fc_ffffffff)
      (usegerberextensions false)
      (usegerberattributes true)
      (usegerberadvancedattributes true)
      (creategerberjobfile true)
      (excludeedgelayer true)
      (linewidth 0.100000)
      (plotframeref false)
      (viasonmask false)
      (mode 1)
      (useauxorigin false)
      (hpglpennumber 1)
      (hpglpenspeed 20)
      (hpglpendiameter 15.000000)
      (psnegative false)
      (psa4output false)
      (plotreference true)
      (plotvalue true)
      (plotinvisibletext false)
      (padsonsilk false)
      (subtractmaskfromsilk false)
      (outputformat 1)
      (mirror false)
      (drillshape 0)
      (scaleselection 1)
      (outputdirectory "Wemos UNO/Gerber/"))
  )

  (net 0 "")
  (net 1 "Net-(A1-Pad32)")
  (net 2 "Net-(A1-Pad31)")
  (net 3 "Net-(A1-Pad1)")
  (net 4 "Net-(A1-Pad17)")
  (net 5 "Net-(A1-Pad2)")
  (net 6 "Net-(A1-Pad18)")
  (net 7 "Net-(A1-Pad3)")
  (net 8 "Net-(A1-Pad19)")
  (net 9 "Net-(A1-Pad4)")
  (net 10 "Net-(A1-Pad20)")
  (net 11 "Net-(A1-Pad5)")
  (net 12 "Net-(A1-Pad21)")
  (net 13 "Net-(A1-Pad6)")
  (net 14 "Net-(A1-Pad22)")
  (net 15 "Net-(A1-Pad7)")
  (net 16 "Net-(A1-Pad23)")
  (net 17 "Net-(A1-Pad8)")
  (net 18 "Net-(A1-Pad24)")
  (net 19 "Net-(A1-Pad9)")
  (net 20 "Net-(A1-Pad25)")
  (net 21 "Net-(A1-Pad10)")
  (net 22 "Net-(A1-Pad26)")
  (net 23 "Net-(A1-Pad11)")
  (net 24 "Net-(A1-Pad27)")
  (net 25 "Net-(A1-Pad12)")
  (net 26 "Net-(A1-Pad28)")
  (net 27 "Net-(A1-Pad13)")
  (net 28 "Net-(A1-Pad29)")
  (net 29 "Net-(A1-Pad14)")
  (net 30 "Net-(A1-Pad30)")
  (net 31 "Net-(A1-Pad15)")
  (net 32 "Net-(A1-Pad16)")

  (net_class Default "This is the default net class."
    (clearance 0.2)
    (trace_width 0.25)
    (via_dia 0.8)
    (via_drill 0.4)
    (uvia_dia 0.3)
    (uvia_drill 0.1)
    (add_net "Net-(A1-Pad1)")
    (add_net "Net-(A1-Pad10)")
    (add_net "Net-(A1-Pad11)")
    (add_net "Net-(A1-Pad12)")
    (add_net "Net-(A1-Pad13)")
    (add_net "Net-(A1-Pad14)")
    (add_net "Net-(A1-Pad15)")
    (add_net "Net-(A1-Pad16)")
    (add_net "Net-(A1-Pad17)")
    (add_net "Net-(A1-Pad18)")
    (add_net "Net-(A1-Pad19)")
    (add_net "Net-(A1-Pad2)")
    (add_net "Net-(A1-Pad20)")
    (add_net "Net-(A1-Pad21)")
    (add_net "Net-(A1-Pad22)")
    (add_net "Net-(A1-Pad23)")
    (add_net "Net-(A1-Pad24)")
    (add_net "Net-(A1-Pad25)")
    (add_net "Net-(A1-Pad26)")
    (add_net "Net-(A1-Pad27)")
    (add_net "Net-(A1-Pad28)")
    (add_net "Net-(A1-Pad29)")
    (add_net "Net-(A1-Pad3)")
    (add_net "Net-(A1-Pad30)")
    (add_net "Net-(A1-Pad31)")
    (add_net "Net-(A1-Pad32)")
    (add_net "Net-(A1-Pad4)")
    (add_net "Net-(A1-Pad5)")
    (add_net "Net-(A1-Pad6)")
    (add_net "Net-(A1-Pad7)")
    (add_net "Net-(A1-Pad8)")
    (add_net "Net-(A1-Pad9)")
  )

  (module Module:Arduino_UNO_R3 (layer B.Cu) (tedit 58AB60FC) (tstamp 60188F66)
    (at 111.252 56.896 270)
    (descr "Arduino UNO R3, http://www.mouser.com/pdfdocs/Gravitech_Arduino_Nano3_0.pdf")
    (tags "Arduino UNO R3")
    (path /60181A85)
    (fp_text reference A1 (at -4.318 0 90) (layer B.SilkS) hide
      (effects (font (size 1 1) (thickness 0.15)) (justify mirror))
    )
    (fp_text value Arduino_UNO_R3 (at 0 -22.86 270) (layer B.Fab)
      (effects (font (size 1 1) (thickness 0.15)) (justify mirror))
    )
    (fp_line (start -27.94 2.54) (end 38.1 2.54) (layer B.Fab) (width 0.1))
    (fp_line (start -27.94 -50.8) (end -27.94 2.54) (layer B.Fab) (width 0.1))
    (fp_line (start 36.58 -50.8) (end -27.94 -50.8) (layer B.Fab) (width 0.1))
    (fp_line (start 38.1 -49.28) (end 36.58 -50.8) (layer B.Fab) (width 0.1))
    (fp_line (start 38.1 0) (end 40.64 -2.54) (layer B.Fab) (width 0.1))
    (fp_line (start 38.1 2.54) (end 38.1 0) (layer B.Fab) (width 0.1))
    (fp_line (start 40.64 -35.31) (end 38.1 -37.85) (layer B.Fab) (width 0.1))
    (fp_line (start 40.64 -2.54) (end 40.64 -35.31) (layer B.Fab) (width 0.1))
    (fp_line (start 38.1 -37.85) (end 38.1 -49.28) (layer B.Fab) (width 0.1))
    (fp_line (start -29.84 -9.53) (end -29.84 -0.64) (layer B.Fab) (width 0.1))
    (fp_line (start -16.51 -9.53) (end -29.84 -9.53) (layer B.Fab) (width 0.1))
    (fp_line (start -16.51 -0.64) (end -16.51 -9.53) (layer B.Fab) (width 0.1))
    (fp_line (start -29.84 -0.64) (end -16.51 -0.64) (layer B.Fab) (width 0.1))
    (fp_line (start -34.29 -41.27) (end -34.29 -29.84) (layer B.Fab) (width 0.1))
    (fp_line (start -18.41 -41.27) (end -34.29 -41.27) (layer B.Fab) (width 0.1))
    (fp_line (start -18.41 -29.84) (end -18.41 -41.27) (layer B.Fab) (width 0.1))
    (fp_line (start -34.29 -29.84) (end -18.41 -29.84) (layer B.Fab) (width 0.1))
    (fp_line (start 38.23 -37.85) (end 40.77 -35.31) (layer B.SilkS) (width 0.12))
    (fp_line (start 38.23 -49.28) (end 38.23 -37.85) (layer B.SilkS) (width 0.12))
    (fp_line (start 36.58 -50.93) (end 38.23 -49.28) (layer B.SilkS) (width 0.12))
    (fp_line (start -28.07 -50.93) (end 36.58 -50.93) (layer B.SilkS) (width 0.12))
    (fp_line (start -28.07 -41.4) (end -28.07 -50.93) (layer B.SilkS) (width 0.12))
    (fp_line (start -34.42 -41.4) (end -28.07 -41.4) (layer B.SilkS) (width 0.12))
    (fp_line (start -34.42 -29.72) (end -34.42 -41.4) (layer B.SilkS) (width 0.12))
    (fp_line (start -28.07 -29.72) (end -34.42 -29.72) (layer B.SilkS) (width 0.12))
    (fp_line (start -28.07 -9.65) (end -28.07 -29.72) (layer B.SilkS) (width 0.12))
    (fp_line (start -29.97 -9.65) (end -28.07 -9.65) (layer B.SilkS) (width 0.12))
    (fp_line (start -29.97 -0.51) (end -29.97 -9.65) (layer B.SilkS) (width 0.12))
    (fp_line (start -28.07 -0.51) (end -29.97 -0.51) (layer B.SilkS) (width 0.12))
    (fp_line (start -28.07 2.67) (end -28.07 -0.51) (layer B.SilkS) (width 0.12))
    (fp_line (start 38.23 2.67) (end -28.07 2.67) (layer B.SilkS) (width 0.12))
    (fp_line (start 38.23 0) (end 38.23 2.67) (layer B.SilkS) (width 0.12))
    (fp_line (start 40.77 -2.54) (end 38.23 0) (layer B.SilkS) (width 0.12))
    (fp_line (start 40.77 -35.31) (end 40.77 -2.54) (layer B.SilkS) (width 0.12))
    (fp_line (start -28.19 2.79) (end 38.35 2.79) (layer B.CrtYd) (width 0.05))
    (fp_line (start -28.19 -0.38) (end -28.19 2.79) (layer B.CrtYd) (width 0.05))
    (fp_line (start -30.1 -0.38) (end -28.19 -0.38) (layer B.CrtYd) (width 0.05))
    (fp_line (start -30.1 -9.78) (end -30.1 -0.38) (layer B.CrtYd) (width 0.05))
    (fp_line (start -28.19 -9.78) (end -30.1 -9.78) (layer B.CrtYd) (width 0.05))
    (fp_line (start -28.19 -29.59) (end -28.19 -9.78) (layer B.CrtYd) (width 0.05))
    (fp_line (start -34.54 -29.59) (end -28.19 -29.59) (layer B.CrtYd) (width 0.05))
    (fp_line (start -34.54 -41.53) (end -34.54 -29.59) (layer B.CrtYd) (width 0.05))
    (fp_line (start -28.19 -41.53) (end -34.54 -41.53) (layer B.CrtYd) (width 0.05))
    (fp_line (start -28.19 -51.05) (end -28.19 -41.53) (layer B.CrtYd) (width 0.05))
    (fp_line (start 36.58 -51.05) (end -28.19 -51.05) (layer B.CrtYd) (width 0.05))
    (fp_line (start 38.35 -49.28) (end 36.58 -51.05) (layer B.CrtYd) (width 0.05))
    (fp_line (start 38.35 -37.85) (end 38.35 -49.28) (layer B.CrtYd) (width 0.05))
    (fp_line (start 40.89 -35.31) (end 38.35 -37.85) (layer B.CrtYd) (width 0.05))
    (fp_line (start 40.89 -2.54) (end 40.89 -35.31) (layer B.CrtYd) (width 0.05))
    (fp_line (start 38.35 0) (end 40.89 -2.54) (layer B.CrtYd) (width 0.05))
    (fp_line (start 38.35 2.79) (end 38.35 0) (layer B.CrtYd) (width 0.05))
    (fp_text user %R (at 0 -20.32 90) (layer B.Fab)
      (effects (font (size 1 1) (thickness 0.15)) (justify mirror))
    )
    (pad 32 thru_hole oval (at -9.14 -48.26 180) (size 1.6 1.6) (drill 1) (layers *.Cu *.Mask)
      (net 1 "Net-(A1-Pad32)"))
    (pad 31 thru_hole oval (at -6.6 -48.26 180) (size 1.6 1.6) (drill 1) (layers *.Cu *.Mask)
      (net 2 "Net-(A1-Pad31)"))
    (pad 1 thru_hole rect (at 0 0 180) (size 1.6 1.6) (drill 1) (layers *.Cu *.Mask)
      (net 3 "Net-(A1-Pad1)"))
    (pad 17 thru_hole oval (at 30.48 -48.26 180) (size 1.6 1.6) (drill 1) (layers *.Cu *.Mask)
      (net 4 "Net-(A1-Pad17)"))
    (pad 2 thru_hole oval (at 2.54 0 180) (size 1.6 1.6) (drill 1) (layers *.Cu *.Mask)
      (net 5 "Net-(A1-Pad2)"))
    (pad 18 thru_hole oval (at 27.94 -48.26 180) (size 1.6 1.6) (drill 1) (layers *.Cu *.Mask)
      (net 6 "Net-(A1-Pad18)"))
    (pad 3 thru_hole oval (at 5.08 0 180) (size 1.6 1.6) (drill 1) (layers *.Cu *.Mask)
      (net 7 "Net-(A1-Pad3)"))
    (pad 19 thru_hole oval (at 25.4 -48.26 180) (size 1.6 1.6) (drill 1) (layers *.Cu *.Mask)
      (net 8 "Net-(A1-Pad19)"))
    (pad 4 thru_hole oval (at 7.62 0 180) (size 1.6 1.6) (drill 1) (layers *.Cu *.Mask)
      (net 9 "Net-(A1-Pad4)"))
    (pad 20 thru_hole oval (at 22.86 -48.26 180) (size 1.6 1.6) (drill 1) (layers *.Cu *.Mask)
      (net 10 "Net-(A1-Pad20)"))
    (pad 5 thru_hole oval (at 10.16 0 180) (size 1.6 1.6) (drill 1) (layers *.Cu *.Mask)
      (net 11 "Net-(A1-Pad5)"))
    (pad 21 thru_hole oval (at 20.32 -48.26 180) (size 1.6 1.6) (drill 1) (layers *.Cu *.Mask)
      (net 12 "Net-(A1-Pad21)"))
    (pad 6 thru_hole oval (at 12.7 0 180) (size 1.6 1.6) (drill 1) (layers *.Cu *.Mask)
      (net 13 "Net-(A1-Pad6)"))
    (pad 22 thru_hole oval (at 17.78 -48.26 180) (size 1.6 1.6) (drill 1) (layers *.Cu *.Mask)
      (net 14 "Net-(A1-Pad22)"))
    (pad 7 thru_hole oval (at 15.24 0 180) (size 1.6 1.6) (drill 1) (layers *.Cu *.Mask)
      (net 15 "Net-(A1-Pad7)"))
    (pad 23 thru_hole oval (at 13.72 -48.26 180) (size 1.6 1.6) (drill 1) (layers *.Cu *.Mask)
      (net 16 "Net-(A1-Pad23)"))
    (pad 8 thru_hole oval (at 17.78 0 180) (size 1.6 1.6) (drill 1) (layers *.Cu *.Mask)
      (net 17 "Net-(A1-Pad8)"))
    (pad 24 thru_hole oval (at 11.18 -48.26 180) (size 1.6 1.6) (drill 1) (layers *.Cu *.Mask)
      (net 18 "Net-(A1-Pad24)"))
    (pad 9 thru_hole oval (at 22.86 0 180) (size 1.6 1.6) (drill 1) (layers *.Cu *.Mask)
      (net 19 "Net-(A1-Pad9)"))
    (pad 25 thru_hole oval (at 8.64 -48.26 180) (size 1.6 1.6) (drill 1) (layers *.Cu *.Mask)
      (net 20 "Net-(A1-Pad25)"))
    (pad 10 thru_hole oval (at 25.4 0 180) (size 1.6 1.6) (drill 1) (layers *.Cu *.Mask)
      (net 21 "Net-(A1-Pad10)"))
    (pad 26 thru_hole oval (at 6.1 -48.26 180) (size 1.6 1.6) (drill 1) (layers *.Cu *.Mask)
      (net 22 "Net-(A1-Pad26)"))
    (pad 11 thru_hole oval (at 27.94 0 180) (size 1.6 1.6) (drill 1) (layers *.Cu *.Mask)
      (net 23 "Net-(A1-Pad11)"))
    (pad 27 thru_hole oval (at 3.56 -48.26 180) (size 1.6 1.6) (drill 1) (layers *.Cu *.Mask)
      (net 24 "Net-(A1-Pad27)"))
    (pad 12 thru_hole oval (at 30.48 0 180) (size 1.6 1.6) (drill 1) (layers *.Cu *.Mask)
      (net 25 "Net-(A1-Pad12)"))
    (pad 28 thru_hole oval (at 1.02 -48.26 180) (size 1.6 1.6) (drill 1) (layers *.Cu *.Mask)
      (net 26 "Net-(A1-Pad28)"))
    (pad 13 thru_hole oval (at 33.02 0 180) (size 1.6 1.6) (drill 1) (layers *.Cu *.Mask)
      (net 27 "Net-(A1-Pad13)"))
    (pad 29 thru_hole oval (at -1.52 -48.26 180) (size 1.6 1.6) (drill 1) (layers *.Cu *.Mask)
      (net 28 "Net-(A1-Pad29)"))
    (pad 14 thru_hole oval (at 35.56 0 180) (size 1.6 1.6) (drill 1) (layers *.Cu *.Mask)
      (net 29 "Net-(A1-Pad14)"))
    (pad 30 thru_hole oval (at -4.06 -48.26 180) (size 1.6 1.6) (drill 1) (layers *.Cu *.Mask)
      (net 30 "Net-(A1-Pad30)"))
    (pad 15 thru_hole oval (at 35.56 -48.26 180) (size 1.6 1.6) (drill 1) (layers *.Cu *.Mask)
      (net 31 "Net-(A1-Pad15)"))
    (pad 16 thru_hole oval (at 33.02 -48.26 180) (size 1.6 1.6) (drill 1) (layers *.Cu *.Mask)
      (net 32 "Net-(A1-Pad16)"))
    (model ${KISYS3DMOD}/Module.3dshapes/Arduino_UNO_R3.wrl
      (at (xyz 0 0 0))
      (scale (xyz 1 1 1))
      (rotate (xyz 0 0 0))
    )
  )

  (module !Goody:PL-Stecker3pol (layer F.Cu) (tedit 60181B70) (tstamp 60187E4D)
    (at 118.11 69.342)
    (descr PL-Stecker)
    (path /6027AC0C)
    (fp_text reference IO02 (at 2.54 -3.5) (layer F.SilkS)
      (effects (font (size 1 1) (thickness 0.15)))
    )
    (fp_text value PL-Stecker_3pol (at 3.54 -5.5) (layer F.Fab) hide
      (effects (font (size 1 1) (thickness 0.15)))
    )
    (fp_line (start -1.5 -1.5) (end 6.35 -1.48) (layer F.SilkS) (width 0.12))
    (fp_line (start 6.35 2.74) (end 6.35 -2.4904) (layer F.SilkS) (width 0.12))
    (fp_line (start -1.5 2.7304) (end 6.35 2.74) (layer F.SilkS) (width 0.12))
    (fp_line (start -1.5 2.7304) (end -1.5254 -2.5) (layer F.SilkS) (width 0.12))
    (fp_line (start -1.5 -2.5) (end 6.35 -2.49) (layer F.SilkS) (width 0.12))
    (pad 3 thru_hole circle (at 5.08 0) (size 2 2) (drill 1) (layers *.Cu *.Mask)
      (net 9 "Net-(A1-Pad4)"))
    (pad 2 thru_hole circle (at 2.54 0) (size 2 2) (drill 1) (layers *.Cu *.Mask)
      (net 19 "Net-(A1-Pad9)"))
    (pad 1 thru_hole circle (at 0 0) (size 2 2) (drill 1) (layers *.Cu *.Mask)
      (net 28 "Net-(A1-Pad29)"))
  )

  (module !Goody:PL-Stecker3pol (layer F.Cu) (tedit 60181B70) (tstamp 60187E65)
    (at 146.558 86.36)
    (descr PL-Stecker)
    (path /6018AB90)
    (fp_text reference IO26 (at 2.54 -3.5) (layer F.SilkS)
      (effects (font (size 1 1) (thickness 0.15)))
    )
    (fp_text value PL-Stecker_3pol (at 3.54 -5.5) (layer F.Fab) hide
      (effects (font (size 1 1) (thickness 0.15)))
    )
    (fp_line (start -1.5 -1.5) (end 6.35 -1.48) (layer F.SilkS) (width 0.12))
    (fp_line (start 6.35 2.74) (end 6.35 -2.4904) (layer F.SilkS) (width 0.12))
    (fp_line (start -1.5 2.7304) (end 6.35 2.74) (layer F.SilkS) (width 0.12))
    (fp_line (start -1.5 2.7304) (end -1.5254 -2.5) (layer F.SilkS) (width 0.12))
    (fp_line (start -1.5 -2.5) (end 6.35 -2.49) (layer F.SilkS) (width 0.12))
    (pad 3 thru_hole circle (at 5.08 0) (size 2 2) (drill 1) (layers *.Cu *.Mask)
      (net 9 "Net-(A1-Pad4)"))
    (pad 2 thru_hole circle (at 2.54 0) (size 2 2) (drill 1) (layers *.Cu *.Mask)
      (net 4 "Net-(A1-Pad17)"))
    (pad 1 thru_hole circle (at 0 0) (size 2 2) (drill 1) (layers *.Cu *.Mask)
      (net 28 "Net-(A1-Pad29)"))
  )

  (module !Goody:PL-Stecker3pol (layer F.Cu) (tedit 60181B70) (tstamp 60187E71)
    (at 146.558 77.978)
    (descr PL-Stecker)
    (path /6018A527)
    (fp_text reference IO25 (at 2.54 -3.5) (layer F.SilkS)
      (effects (font (size 1 1) (thickness 0.15)))
    )
    (fp_text value PL-Stecker_3pol (at 3.54 -5.5) (layer F.Fab) hide
      (effects (font (size 1 1) (thickness 0.15)))
    )
    (fp_line (start -1.5 -2.5) (end 6.35 -2.49) (layer F.SilkS) (width 0.12))
    (fp_line (start -1.5 2.7304) (end -1.5254 -2.5) (layer F.SilkS) (width 0.12))
    (fp_line (start -1.5 2.7304) (end 6.35 2.74) (layer F.SilkS) (width 0.12))
    (fp_line (start 6.35 2.74) (end 6.35 -2.4904) (layer F.SilkS) (width 0.12))
    (fp_line (start -1.5 -1.5) (end 6.35 -1.48) (layer F.SilkS) (width 0.12))
    (pad 1 thru_hole circle (at 0 0) (size 2 2) (drill 1) (layers *.Cu *.Mask)
      (net 28 "Net-(A1-Pad29)"))
    (pad 2 thru_hole circle (at 2.54 0) (size 2 2) (drill 1) (layers *.Cu *.Mask)
      (net 6 "Net-(A1-Pad18)"))
    (pad 3 thru_hole circle (at 5.08 0) (size 2 2) (drill 1) (layers *.Cu *.Mask)
      (net 9 "Net-(A1-Pad4)"))
  )

  (module !Goody:PL-Stecker3pol (layer F.Cu) (tedit 60181B70) (tstamp 60187E7D)
    (at 146.558 69.596)
    (descr PL-Stecker)
    (path /6018A03E)
    (fp_text reference IO17 (at 2.54 -3.5) (layer F.SilkS)
      (effects (font (size 1 1) (thickness 0.15)))
    )
    (fp_text value PL-Stecker_3pol (at 3.54 -5.5) (layer F.Fab) hide
      (effects (font (size 1 1) (thickness 0.15)))
    )
    (fp_line (start -1.5 -1.5) (end 6.35 -1.48) (layer F.SilkS) (width 0.12))
    (fp_line (start 6.35 2.74) (end 6.35 -2.4904) (layer F.SilkS) (width 0.12))
    (fp_line (start -1.5 2.7304) (end 6.35 2.74) (layer F.SilkS) (width 0.12))
    (fp_line (start -1.5 2.7304) (end -1.5254 -2.5) (layer F.SilkS) (width 0.12))
    (fp_line (start -1.5 -2.5) (end 6.35 -2.49) (layer F.SilkS) (width 0.12))
    (pad 3 thru_hole circle (at 5.08 0) (size 2 2) (drill 1) (layers *.Cu *.Mask)
      (net 9 "Net-(A1-Pad4)"))
    (pad 2 thru_hole circle (at 2.54 0) (size 2 2) (drill 1) (layers *.Cu *.Mask)
      (net 8 "Net-(A1-Pad19)"))
    (pad 1 thru_hole circle (at 0 0) (size 2 2) (drill 1) (layers *.Cu *.Mask)
      (net 28 "Net-(A1-Pad29)"))
  )

  (module !Goody:PL-Stecker3pol (layer F.Cu) (tedit 60181B70) (tstamp 60187E89)
    (at 146.558 61.468)
    (descr PL-Stecker)
    (path /601896FD)
    (fp_text reference IO16 (at 2.54 -3.5) (layer F.SilkS)
      (effects (font (size 1 1) (thickness 0.15)))
    )
    (fp_text value PL-Stecker_3pol (at 3.54 -5.5) (layer F.Fab) hide
      (effects (font (size 1 1) (thickness 0.15)))
    )
    (fp_line (start -1.5 -2.5) (end 6.35 -2.49) (layer F.SilkS) (width 0.12))
    (fp_line (start -1.5 2.7304) (end -1.5254 -2.5) (layer F.SilkS) (width 0.12))
    (fp_line (start -1.5 2.7304) (end 6.35 2.74) (layer F.SilkS) (width 0.12))
    (fp_line (start 6.35 2.74) (end 6.35 -2.4904) (layer F.SilkS) (width 0.12))
    (fp_line (start -1.5 -1.5) (end 6.35 -1.48) (layer F.SilkS) (width 0.12))
    (pad 1 thru_hole circle (at 0 0) (size 2 2) (drill 1) (layers *.Cu *.Mask)
      (net 28 "Net-(A1-Pad29)"))
    (pad 2 thru_hole circle (at 2.54 0) (size 2 2) (drill 1) (layers *.Cu *.Mask)
      (net 10 "Net-(A1-Pad20)"))
    (pad 3 thru_hole circle (at 5.08 0) (size 2 2) (drill 1) (layers *.Cu *.Mask)
      (net 9 "Net-(A1-Pad4)"))
  )

  (module !Goody:PL-Stecker3pol (layer F.Cu) (tedit 60181B70) (tstamp 60187E95)
    (at 146.558 53.594)
    (descr PL-Stecker)
    (path /601891A7)
    (fp_text reference IO27 (at 2.54 -3.5) (layer F.SilkS)
      (effects (font (size 1 1) (thickness 0.15)))
    )
    (fp_text value PL-Stecker_3pol (at 3.54 -5.5) (layer F.Fab) hide
      (effects (font (size 1 1) (thickness 0.15)))
    )
    (fp_line (start -1.5 -1.5) (end 6.35 -1.48) (layer F.SilkS) (width 0.12))
    (fp_line (start 6.35 2.74) (end 6.35 -2.4904) (layer F.SilkS) (width 0.12))
    (fp_line (start -1.5 2.7304) (end 6.35 2.74) (layer F.SilkS) (width 0.12))
    (fp_line (start -1.5 2.7304) (end -1.5254 -2.5) (layer F.SilkS) (width 0.12))
    (fp_line (start -1.5 -2.5) (end 6.35 -2.49) (layer F.SilkS) (width 0.12))
    (pad 3 thru_hole circle (at 5.08 0) (size 2 2) (drill 1) (layers *.Cu *.Mask)
      (net 9 "Net-(A1-Pad4)"))
    (pad 2 thru_hole circle (at 2.54 0) (size 2 2) (drill 1) (layers *.Cu *.Mask)
      (net 12 "Net-(A1-Pad21)"))
    (pad 1 thru_hole circle (at 0 0) (size 2 2) (drill 1) (layers *.Cu *.Mask)
      (net 28 "Net-(A1-Pad29)"))
  )

  (module !Goody:PL-Stecker3pol (layer F.Cu) (tedit 60181B70) (tstamp 60187EA1)
    (at 133.096 69.596)
    (descr PL-Stecker)
    (path /60188CE3)
    (fp_text reference IO14 (at 2.54 -3.5) (layer F.SilkS)
      (effects (font (size 1 1) (thickness 0.15)))
    )
    (fp_text value PL-Stecker_3pol (at 3.54 -5.5) (layer F.Fab) hide
      (effects (font (size 1 1) (thickness 0.15)))
    )
    (fp_line (start -1.5 -2.5) (end 6.35 -2.49) (layer F.SilkS) (width 0.12))
    (fp_line (start -1.5 2.7304) (end -1.5254 -2.5) (layer F.SilkS) (width 0.12))
    (fp_line (start -1.5 2.7304) (end 6.35 2.74) (layer F.SilkS) (width 0.12))
    (fp_line (start 6.35 2.74) (end 6.35 -2.4904) (layer F.SilkS) (width 0.12))
    (fp_line (start -1.5 -1.5) (end 6.35 -1.48) (layer F.SilkS) (width 0.12))
    (pad 1 thru_hole circle (at 0 0) (size 2 2) (drill 1) (layers *.Cu *.Mask)
      (net 28 "Net-(A1-Pad29)"))
    (pad 2 thru_hole circle (at 2.54 0) (size 2 2) (drill 1) (layers *.Cu *.Mask)
      (net 14 "Net-(A1-Pad22)"))
    (pad 3 thru_hole circle (at 5.08 0) (size 2 2) (drill 1) (layers *.Cu *.Mask)
      (net 9 "Net-(A1-Pad4)"))
  )

  (module !Goody:PL-Stecker3pol (layer F.Cu) (tedit 60181B70) (tstamp 60187EAD)
    (at 133.096 61.468)
    (descr PL-Stecker)
    (path /6018883C)
    (fp_text reference IO12 (at 2.54 -3.5) (layer F.SilkS)
      (effects (font (size 1 1) (thickness 0.15)))
    )
    (fp_text value PL-Stecker_3pol (at 3.54 -5.5) (layer F.Fab) hide
      (effects (font (size 1 1) (thickness 0.15)))
    )
    (fp_line (start -1.5 -2.5) (end 6.35 -2.49) (layer F.SilkS) (width 0.12))
    (fp_line (start -1.5 2.7304) (end -1.5254 -2.5) (layer F.SilkS) (width 0.12))
    (fp_line (start -1.5 2.7304) (end 6.35 2.74) (layer F.SilkS) (width 0.12))
    (fp_line (start 6.35 2.74) (end 6.35 -2.4904) (layer F.SilkS) (width 0.12))
    (fp_line (start -1.5 -1.5) (end 6.35 -1.48) (layer F.SilkS) (width 0.12))
    (pad 1 thru_hole circle (at 0 0) (size 2 2) (drill 1) (layers *.Cu *.Mask)
      (net 28 "Net-(A1-Pad29)"))
    (pad 2 thru_hole circle (at 2.54 0) (size 2 2) (drill 1) (layers *.Cu *.Mask)
      (net 16 "Net-(A1-Pad23)"))
    (pad 3 thru_hole circle (at 5.08 0) (size 2 2) (drill 1) (layers *.Cu *.Mask)
      (net 9 "Net-(A1-Pad4)"))
  )

  (module !Goody:PL-Stecker3pol (layer F.Cu) (tedit 60181B70) (tstamp 60187EB9)
    (at 133.096 53.594)
    (descr PL-Stecker)
    (path /601882ED)
    (fp_text reference IO13 (at 2.794 -3.556) (layer F.SilkS)
      (effects (font (size 1 1) (thickness 0.15)))
    )
    (fp_text value PL-Stecker_3pol (at 3.54 -5.5) (layer F.Fab) hide
      (effects (font (size 1 1) (thickness 0.15)))
    )
    (fp_line (start -1.5 -1.5) (end 6.35 -1.48) (layer F.SilkS) (width 0.12))
    (fp_line (start 6.35 2.74) (end 6.35 -2.4904) (layer F.SilkS) (width 0.12))
    (fp_line (start -1.5 2.7304) (end 6.35 2.74) (layer F.SilkS) (width 0.12))
    (fp_line (start -1.5 2.7304) (end -1.5254 -2.5) (layer F.SilkS) (width 0.12))
    (fp_line (start -1.5 -2.5) (end 6.35 -2.49) (layer F.SilkS) (width 0.12))
    (pad 3 thru_hole circle (at 5.08 0) (size 2 2) (drill 1) (layers *.Cu *.Mask)
      (net 9 "Net-(A1-Pad4)"))
    (pad 2 thru_hole circle (at 2.54 0) (size 2 2) (drill 1) (layers *.Cu *.Mask)
      (net 18 "Net-(A1-Pad24)"))
    (pad 1 thru_hole circle (at 0 0) (size 2 2) (drill 1) (layers *.Cu *.Mask)
      (net 28 "Net-(A1-Pad29)"))
  )

  (module !Goody:PL-Stecker3pol (layer F.Cu) (tedit 60181B70) (tstamp 60187EC5)
    (at 133.096 104.394)
    (descr PL-Stecker)
    (path /60187F2F)
    (fp_text reference IO05 (at 2.54 -3.5) (layer F.SilkS)
      (effects (font (size 1 1) (thickness 0.15)))
    )
    (fp_text value PL-Stecker_3pol (at 3.54 -5.5) (layer F.Fab) hide
      (effects (font (size 1 1) (thickness 0.15)))
    )
    (fp_line (start -1.5 -2.5) (end 6.35 -2.49) (layer F.SilkS) (width 0.12))
    (fp_line (start -1.5 2.7304) (end -1.5254 -2.5) (layer F.SilkS) (width 0.12))
    (fp_line (start -1.5 2.7304) (end 6.35 2.74) (layer F.SilkS) (width 0.12))
    (fp_line (start 6.35 2.74) (end 6.35 -2.4904) (layer F.SilkS) (width 0.12))
    (fp_line (start -1.5 -1.5) (end 6.35 -1.48) (layer F.SilkS) (width 0.12))
    (pad 1 thru_hole circle (at 0 0) (size 2 2) (drill 1) (layers *.Cu *.Mask)
      (net 28 "Net-(A1-Pad29)"))
    (pad 2 thru_hole circle (at 2.54 0) (size 2 2) (drill 1) (layers *.Cu *.Mask)
      (net 20 "Net-(A1-Pad25)"))
    (pad 3 thru_hole circle (at 5.08 0) (size 2 2) (drill 1) (layers *.Cu *.Mask)
      (net 9 "Net-(A1-Pad4)"))
  )

  (module !Goody:PL-Stecker3pol (layer F.Cu) (tedit 60181B70) (tstamp 60187ED1)
    (at 133.096 95.25)
    (descr PL-Stecker)
    (path /60185B8A)
    (fp_text reference IO23 (at 2.54 -3.5) (layer F.SilkS)
      (effects (font (size 1 1) (thickness 0.15)))
    )
    (fp_text value PL-Stecker_3pol (at 3.54 -5.5) (layer F.Fab) hide
      (effects (font (size 1 1) (thickness 0.15)))
    )
    (fp_line (start -1.5 -1.5) (end 6.35 -1.48) (layer F.SilkS) (width 0.12))
    (fp_line (start 6.35 2.74) (end 6.35 -2.4904) (layer F.SilkS) (width 0.12))
    (fp_line (start -1.5 2.7304) (end 6.35 2.74) (layer F.SilkS) (width 0.12))
    (fp_line (start -1.5 2.7304) (end -1.5254 -2.5) (layer F.SilkS) (width 0.12))
    (fp_line (start -1.5 -2.5) (end 6.35 -2.49) (layer F.SilkS) (width 0.12))
    (pad 3 thru_hole circle (at 5.08 0) (size 2 2) (drill 1) (layers *.Cu *.Mask)
      (net 9 "Net-(A1-Pad4)"))
    (pad 2 thru_hole circle (at 2.54 0) (size 2 2) (drill 1) (layers *.Cu *.Mask)
      (net 22 "Net-(A1-Pad26)"))
    (pad 1 thru_hole circle (at 0 0) (size 2 2) (drill 1) (layers *.Cu *.Mask)
      (net 28 "Net-(A1-Pad29)"))
  )

  (module !Goody:PL-Stecker3pol (layer F.Cu) (tedit 60181B70) (tstamp 60187EDD)
    (at 133.096 86.36)
    (descr PL-Stecker)
    (path /60185927)
    (fp_text reference IO19 (at 2.54 -3.5) (layer F.SilkS)
      (effects (font (size 1 1) (thickness 0.15)))
    )
    (fp_text value PL-Stecker_3pol (at 3.54 -5.5) (layer F.Fab) hide
      (effects (font (size 1 1) (thickness 0.15)))
    )
    (fp_line (start -1.5 -2.5) (end 6.35 -2.49) (layer F.SilkS) (width 0.12))
    (fp_line (start -1.5 2.7304) (end -1.5254 -2.5) (layer F.SilkS) (width 0.12))
    (fp_line (start -1.5 2.7304) (end 6.35 2.74) (layer F.SilkS) (width 0.12))
    (fp_line (start 6.35 2.74) (end 6.35 -2.4904) (layer F.SilkS) (width 0.12))
    (fp_line (start -1.5 -1.5) (end 6.35 -1.48) (layer F.SilkS) (width 0.12))
    (pad 1 thru_hole circle (at 0 0) (size 2 2) (drill 1) (layers *.Cu *.Mask)
      (net 28 "Net-(A1-Pad29)"))
    (pad 2 thru_hole circle (at 2.54 0) (size 2 2) (drill 1) (layers *.Cu *.Mask)
      (net 24 "Net-(A1-Pad27)"))
    (pad 3 thru_hole circle (at 5.08 0) (size 2 2) (drill 1) (layers *.Cu *.Mask)
      (net 9 "Net-(A1-Pad4)"))
  )

  (module !Goody:PL-Stecker3pol (layer F.Cu) (tedit 60181B70) (tstamp 60187EE9)
    (at 133.096 77.724)
    (descr PL-Stecker)
    (path /601857B9)
    (fp_text reference IO18 (at 2.54 -3.5) (layer F.SilkS)
      (effects (font (size 1 1) (thickness 0.15)))
    )
    (fp_text value PL-Stecker_3pol (at 3.54 -5.5) (layer F.Fab) hide
      (effects (font (size 1 1) (thickness 0.15)))
    )
    (fp_line (start -1.5 -1.5) (end 6.35 -1.48) (layer F.SilkS) (width 0.12))
    (fp_line (start 6.35 2.74) (end 6.35 -2.4904) (layer F.SilkS) (width 0.12))
    (fp_line (start -1.5 2.7304) (end 6.35 2.74) (layer F.SilkS) (width 0.12))
    (fp_line (start -1.5 2.7304) (end -1.5254 -2.5) (layer F.SilkS) (width 0.12))
    (fp_line (start -1.5 -2.5) (end 6.35 -2.49) (layer F.SilkS) (width 0.12))
    (pad 3 thru_hole circle (at 5.08 0) (size 2 2) (drill 1) (layers *.Cu *.Mask)
      (net 9 "Net-(A1-Pad4)"))
    (pad 2 thru_hole circle (at 2.54 0) (size 2 2) (drill 1) (layers *.Cu *.Mask)
      (net 26 "Net-(A1-Pad28)"))
    (pad 1 thru_hole circle (at 0 0) (size 2 2) (drill 1) (layers *.Cu *.Mask)
      (net 28 "Net-(A1-Pad29)"))
  )

  (module !Goody:PL-Stecker (layer F.Cu) (tedit 600E92D8) (tstamp 60187EF6)
    (at 146.558 113.03)
    (descr PL-Stecker)
    (path /6018BF48)
    (fp_text reference GND (at 3.54 -3.5) (layer F.SilkS)
      (effects (font (size 1 1) (thickness 0.15)))
    )
    (fp_text value PL-Stecker_4pol_Data (at 3.54 -5.5) (layer F.Fab) hide
      (effects (font (size 1 1) (thickness 0.15)))
    )
    (fp_line (start -1.5 -2.5) (end 9.18 -2.49) (layer F.SilkS) (width 0.12))
    (fp_line (start -1.5 2.7304) (end -1.5254 -2.5) (layer F.SilkS) (width 0.12))
    (fp_line (start -1.5 2.7304) (end 9.18 2.74) (layer F.SilkS) (width 0.12))
    (fp_line (start 9.18 2.74) (end 9.18 -2.4904) (layer F.SilkS) (width 0.12))
    (fp_line (start -1.5 -1.5) (end 9.17 -1.48) (layer F.SilkS) (width 0.12))
    (pad 1 thru_hole circle (at 0 0) (size 2 2) (drill 1) (layers *.Cu *.Mask)
      (net 28 "Net-(A1-Pad29)"))
    (pad 2 thru_hole circle (at 2.54 0) (size 2 2) (drill 1) (layers *.Cu *.Mask)
      (net 28 "Net-(A1-Pad29)"))
    (pad 3 thru_hole circle (at 5.08 0) (size 2 2) (drill 1) (layers *.Cu *.Mask)
      (net 28 "Net-(A1-Pad29)"))
    (pad 4 thru_hole circle (at 7.62 0) (size 2 2) (drill 1) (layers *.Cu *.Mask)
      (net 28 "Net-(A1-Pad29)"))
  )

  (module !Goody:PL-Stecker (layer F.Cu) (tedit 600E92D8) (tstamp 60187F03)
    (at 132.842 113.03)
    (descr PL-Stecker)
    (path /6018CC8B)
    (fp_text reference 5V (at 3.54 -3.5) (layer F.SilkS)
      (effects (font (size 1 1) (thickness 0.15)))
    )
    (fp_text value PL-Stecker_4pol_Data (at 3.54 -5.5) (layer F.Fab) hide
      (effects (font (size 1 1) (thickness 0.15)))
    )
    (fp_line (start -1.5 -1.5) (end 9.17 -1.48) (layer F.SilkS) (width 0.12))
    (fp_line (start 9.18 2.74) (end 9.18 -2.4904) (layer F.SilkS) (width 0.12))
    (fp_line (start -1.5 2.7304) (end 9.18 2.74) (layer F.SilkS) (width 0.12))
    (fp_line (start -1.5 2.7304) (end -1.5254 -2.5) (layer F.SilkS) (width 0.12))
    (fp_line (start -1.5 -2.5) (end 9.18 -2.49) (layer F.SilkS) (width 0.12))
    (pad 4 thru_hole circle (at 7.62 0) (size 2 2) (drill 1) (layers *.Cu *.Mask)
      (net 11 "Net-(A1-Pad5)"))
    (pad 3 thru_hole circle (at 5.08 0) (size 2 2) (drill 1) (layers *.Cu *.Mask)
      (net 11 "Net-(A1-Pad5)"))
    (pad 2 thru_hole circle (at 2.54 0) (size 2 2) (drill 1) (layers *.Cu *.Mask)
      (net 11 "Net-(A1-Pad5)"))
    (pad 1 thru_hole circle (at 0 0) (size 2 2) (drill 1) (layers *.Cu *.Mask)
      (net 11 "Net-(A1-Pad5)"))
  )

  (module !Goody:PL-Stecker (layer F.Cu) (tedit 600E92D8) (tstamp 60187F10)
    (at 146.558 104.394)
    (descr PL-Stecker)
    (path /6018D203)
    (fp_text reference 3.3V (at 3.54 -3.5) (layer F.SilkS)
      (effects (font (size 1 1) (thickness 0.15)))
    )
    (fp_text value PL-Stecker_4pol_Data (at 3.54 -5.5) (layer F.Fab) hide
      (effects (font (size 1 1) (thickness 0.15)))
    )
    (fp_line (start -1.5 -2.5) (end 9.18 -2.49) (layer F.SilkS) (width 0.12))
    (fp_line (start -1.5 2.7304) (end -1.5254 -2.5) (layer F.SilkS) (width 0.12))
    (fp_line (start -1.5 2.7304) (end 9.18 2.74) (layer F.SilkS) (width 0.12))
    (fp_line (start 9.18 2.74) (end 9.18 -2.4904) (layer F.SilkS) (width 0.12))
    (fp_line (start -1.5 -1.5) (end 9.17 -1.48) (layer F.SilkS) (width 0.12))
    (pad 1 thru_hole circle (at 0 0) (size 2 2) (drill 1) (layers *.Cu *.Mask)
      (net 9 "Net-(A1-Pad4)"))
    (pad 2 thru_hole circle (at 2.54 0) (size 2 2) (drill 1) (layers *.Cu *.Mask)
      (net 9 "Net-(A1-Pad4)"))
    (pad 3 thru_hole circle (at 5.08 0) (size 2 2) (drill 1) (layers *.Cu *.Mask)
      (net 9 "Net-(A1-Pad4)"))
    (pad 4 thru_hole circle (at 7.62 0) (size 2 2) (drill 1) (layers *.Cu *.Mask)
      (net 9 "Net-(A1-Pad4)"))
  )

  (module !Goody:PL-Stecker3pol (layer F.Cu) (tedit 60181B70) (tstamp 60187F1C)
    (at 118.11 61.722)
    (descr PL-Stecker)
    (path /60185068)
    (fp_text reference "G RST V" (at 2.54 -3.5) (layer F.SilkS)
      (effects (font (size 1 1) (thickness 0.15)))
    )
    (fp_text value PL-Stecker_3pol (at 3.54 -5.5) (layer F.Fab) hide
      (effects (font (size 1 1) (thickness 0.15)))
    )
    (fp_line (start -1.5 -2.5) (end 6.35 -2.49) (layer F.SilkS) (width 0.12))
    (fp_line (start -1.5 2.7304) (end -1.5254 -2.5) (layer F.SilkS) (width 0.12))
    (fp_line (start -1.5 2.7304) (end 6.35 2.74) (layer F.SilkS) (width 0.12))
    (fp_line (start 6.35 2.74) (end 6.35 -2.4904) (layer F.SilkS) (width 0.12))
    (fp_line (start -1.5 -1.5) (end 6.35 -1.48) (layer F.SilkS) (width 0.12))
    (pad 1 thru_hole circle (at 0 0) (size 2 2) (drill 1) (layers *.Cu *.Mask)
      (net 28 "Net-(A1-Pad29)"))
    (pad 2 thru_hole circle (at 2.54 0) (size 2 2) (drill 1) (layers *.Cu *.Mask)
      (net 7 "Net-(A1-Pad3)"))
    (pad 3 thru_hole circle (at 5.08 0) (size 2 2) (drill 1) (layers *.Cu *.Mask)
      (net 9 "Net-(A1-Pad4)"))
  )

  (module !Goody:PL-Stecker3pol (layer F.Cu) (tedit 60181B70) (tstamp 60187F28)
    (at 118.11 77.724)
    (descr PL-Stecker)
    (path /601849D1)
    (fp_text reference IO04 (at 2.54 -3.5) (layer F.SilkS)
      (effects (font (size 1 1) (thickness 0.15)))
    )
    (fp_text value PL-Stecker_3pol (at 3.54 -5.5) (layer F.Fab) hide
      (effects (font (size 1 1) (thickness 0.15)))
    )
    (fp_line (start -1.5 -1.5) (end 6.35 -1.48) (layer F.SilkS) (width 0.12))
    (fp_line (start 6.35 2.74) (end 6.35 -2.4904) (layer F.SilkS) (width 0.12))
    (fp_line (start -1.5 2.7304) (end 6.35 2.74) (layer F.SilkS) (width 0.12))
    (fp_line (start -1.5 2.7304) (end -1.5254 -2.5) (layer F.SilkS) (width 0.12))
    (fp_line (start -1.5 -2.5) (end 6.35 -2.49) (layer F.SilkS) (width 0.12))
    (pad 3 thru_hole circle (at 5.08 0) (size 2 2) (drill 1) (layers *.Cu *.Mask)
      (net 9 "Net-(A1-Pad4)"))
    (pad 2 thru_hole circle (at 2.54 0) (size 2 2) (drill 1) (layers *.Cu *.Mask)
      (net 21 "Net-(A1-Pad10)"))
    (pad 1 thru_hole circle (at 0 0) (size 2 2) (drill 1) (layers *.Cu *.Mask)
      (net 28 "Net-(A1-Pad29)"))
  )

  (module !Goody:PL-Stecker3pol (layer F.Cu) (tedit 60181B70) (tstamp 60187F34)
    (at 118.11 86.36)
    (descr PL-Stecker)
    (path /60184705)
    (fp_text reference IO35 (at 2.54 -3.5) (layer F.SilkS)
      (effects (font (size 1 1) (thickness 0.15)))
    )
    (fp_text value PL-Stecker_3pol (at 3.54 -5.5) (layer F.Fab) hide
      (effects (font (size 1 1) (thickness 0.15)))
    )
    (fp_line (start -1.5 -2.5) (end 6.35 -2.49) (layer F.SilkS) (width 0.12))
    (fp_line (start -1.5 2.7304) (end -1.5254 -2.5) (layer F.SilkS) (width 0.12))
    (fp_line (start -1.5 2.7304) (end 6.35 2.74) (layer F.SilkS) (width 0.12))
    (fp_line (start 6.35 2.74) (end 6.35 -2.4904) (layer F.SilkS) (width 0.12))
    (fp_line (start -1.5 -1.5) (end 6.35 -1.48) (layer F.SilkS) (width 0.12))
    (pad 1 thru_hole circle (at 0 0) (size 2 2) (drill 1) (layers *.Cu *.Mask)
      (net 28 "Net-(A1-Pad29)"))
    (pad 2 thru_hole circle (at 2.54 0) (size 2 2) (drill 1) (layers *.Cu *.Mask)
      (net 23 "Net-(A1-Pad11)"))
    (pad 3 thru_hole circle (at 5.08 0) (size 2 2) (drill 1) (layers *.Cu *.Mask)
      (net 9 "Net-(A1-Pad4)"))
  )

  (module !Goody:PL-Stecker3pol (layer F.Cu) (tedit 60181B70) (tstamp 60187F40)
    (at 118.11 95.504)
    (descr PL-Stecker)
    (path /6018454F)
    (fp_text reference IO34 (at 2.54 -3.5) (layer F.SilkS)
      (effects (font (size 1 1) (thickness 0.15)))
    )
    (fp_text value PL-Stecker_3pol (at 3.54 -5.5) (layer F.Fab) hide
      (effects (font (size 1 1) (thickness 0.15)))
    )
    (fp_line (start -1.5 -1.5) (end 6.35 -1.48) (layer F.SilkS) (width 0.12))
    (fp_line (start 6.35 2.74) (end 6.35 -2.4904) (layer F.SilkS) (width 0.12))
    (fp_line (start -1.5 2.7304) (end 6.35 2.74) (layer F.SilkS) (width 0.12))
    (fp_line (start -1.5 2.7304) (end -1.5254 -2.5) (layer F.SilkS) (width 0.12))
    (fp_line (start -1.5 -2.5) (end 6.35 -2.49) (layer F.SilkS) (width 0.12))
    (pad 3 thru_hole circle (at 5.08 0) (size 2 2) (drill 1) (layers *.Cu *.Mask)
      (net 9 "Net-(A1-Pad4)"))
    (pad 2 thru_hole circle (at 2.54 0) (size 2 2) (drill 1) (layers *.Cu *.Mask)
      (net 25 "Net-(A1-Pad12)"))
    (pad 1 thru_hole circle (at 0 0) (size 2 2) (drill 1) (layers *.Cu *.Mask)
      (net 28 "Net-(A1-Pad29)"))
  )

  (module !Goody:PL-Stecker3pol (layer F.Cu) (tedit 60181B70) (tstamp 60187F4C)
    (at 118.11 104.14)
    (descr PL-Stecker)
    (path /60184133)
    (fp_text reference IO36 (at 2.54 -3.5) (layer F.SilkS)
      (effects (font (size 1 1) (thickness 0.15)))
    )
    (fp_text value PL-Stecker_3pol (at 3.54 -5.5) (layer F.Fab) hide
      (effects (font (size 1 1) (thickness 0.15)))
    )
    (fp_line (start -1.5 -2.5) (end 6.35 -2.49) (layer F.SilkS) (width 0.12))
    (fp_line (start -1.5 2.7304) (end -1.5254 -2.5) (layer F.SilkS) (width 0.12))
    (fp_line (start -1.5 2.7304) (end 6.35 2.74) (layer F.SilkS) (width 0.12))
    (fp_line (start 6.35 2.74) (end 6.35 -2.4904) (layer F.SilkS) (width 0.12))
    (fp_line (start -1.5 -1.5) (end 6.35 -1.48) (layer F.SilkS) (width 0.12))
    (pad 1 thru_hole circle (at 0 0) (size 2 2) (drill 1) (layers *.Cu *.Mask)
      (net 28 "Net-(A1-Pad29)"))
    (pad 2 thru_hole circle (at 2.54 0) (size 2 2) (drill 1) (layers *.Cu *.Mask)
      (net 27 "Net-(A1-Pad13)"))
    (pad 3 thru_hole circle (at 5.08 0) (size 2 2) (drill 1) (layers *.Cu *.Mask)
      (net 9 "Net-(A1-Pad4)"))
  )

  (module !Goody:PL-Stecker3pol (layer F.Cu) (tedit 60181B70) (tstamp 60189145)
    (at 118.11 113.03)
    (descr PL-Stecker)
    (path /601839E8)
    (fp_text reference IO39 (at 2.54 -3.5) (layer F.SilkS)
      (effects (font (size 1 1) (thickness 0.15)))
    )
    (fp_text value PL-Stecker_3pol (at 3.54 -5.5) (layer F.Fab) hide
      (effects (font (size 1 1) (thickness 0.15)))
    )
    (fp_line (start -1.5 -1.5) (end 6.35 -1.48) (layer F.SilkS) (width 0.12))
    (fp_line (start 6.35 2.74) (end 6.35 -2.4904) (layer F.SilkS) (width 0.12))
    (fp_line (start -1.5 2.7304) (end 6.35 2.74) (layer F.SilkS) (width 0.12))
    (fp_line (start -1.5 2.7304) (end -1.5254 -2.5) (layer F.SilkS) (width 0.12))
    (fp_line (start -1.5 -2.5) (end 6.35 -2.49) (layer F.SilkS) (width 0.12))
    (pad 3 thru_hole circle (at 5.08 0) (size 2 2) (drill 1) (layers *.Cu *.Mask)
      (net 9 "Net-(A1-Pad4)"))
    (pad 2 thru_hole circle (at 2.54 0) (size 2 2) (drill 1) (layers *.Cu *.Mask)
      (net 29 "Net-(A1-Pad14)"))
    (pad 1 thru_hole circle (at 0 0) (size 2 2) (drill 1) (layers *.Cu *.Mask)
      (net 28 "Net-(A1-Pad29)"))
  )

  (module !Goody:PL-Stecker (layer F.Cu) (tedit 60183034) (tstamp 60187F65)
    (at 118.11 53.594)
    (descr PL-Stecker)
    (path /60183207)
    (fp_text reference "G V SCL SDA" (at 3.54 -4.424) (layer F.SilkS)
      (effects (font (size 1 1) (thickness 0.15)))
    )
    (fp_text value PL-Stecker_4pol_I2C (at 3.54 -5.5) (layer F.Fab) hide
      (effects (font (size 1 1) (thickness 0.15)))
    )
    (fp_line (start -1.5 -2.5) (end 9.18 -2.49) (layer F.SilkS) (width 0.12))
    (fp_line (start -1.5 2.7304) (end -1.5254 -2.5) (layer F.SilkS) (width 0.12))
    (fp_line (start -1.5 2.7304) (end 9.18 2.74) (layer F.SilkS) (width 0.12))
    (fp_line (start 9.18 2.74) (end 9.18 -2.4904) (layer F.SilkS) (width 0.12))
    (fp_line (start -1.5 -1.5) (end 9.17 -1.48) (layer F.SilkS) (width 0.12))
    (pad 1 thru_hole circle (at 0 0) (size 2 2) (drill 1) (layers *.Cu *.Mask)
      (net 28 "Net-(A1-Pad29)"))
